0	-418	-428	37	-435	11 24
-418	0	-369	-176	-97	-2505 -290
-428	-369	0	-282	-677	-288 -539
37	-176	-282	0	-250	-56 26
-435	-97	-677	-250	0	-316 -463
11	-2505	-288	-56	-316	0 21
24 -290 -539 26 -463 21 0


